10.9094607476714
11.6568326064386
11.3606820112661
11.3944494821168
9.62275463911766
11.7873533886275
9.67558741351321
9.79951097099597
10.8244080257433
10.6722864549084
11.1299559182567
9.25294397149433
10.3139796083957
10.1758060907517
12.401439231605
13.0782867258173
11.3852210980632
11.0815057139662
9.63879340845715
13.615471861662
11.4520803434724
12.2256156110198
12.2256135816909
11.8638233016954
12.4221730040145
14.3923832471622
14.9217838352956
11.6414279824332
12.8336133650474
12.2099336288599
14.3224211347669
13.2040890166321
12.7963763794911
15.5685232837103
14.5699543755965
14.586019070577
13.67154782856
14.9202367997079
14.9870394026572
14.4451584428472
12.6178663230268
14.6728197931244
15.496558672019
14.1891323079576
12.793517894082
17.3995564701947
12.8728690365562
15.739112499103
15.8468434626443
15.2326927410124
13.2758201552746
16.0823380966681
17.4349334718282
15.0379388564948
16.0695165129003
16.3554785819632
16.4225173707835
17.4228293061528
17.8535377926472
16.2109308778137
17.5570734564919
15.2301769828984
17.6672428710145
18.8664422387428
17.2769098778433
22.0513289171983
18.2516104569497
18.4669619129189
15.8798512955874
18.7172966358428
19.7522446201472
14.8199368678646
22.0607948632435
20.2185250157593
18.586331901011
21.5616303493287
15.9786172719682
19.437070873605
21.424114828279
20.6279465260244
21.6006526328781
23.5163720920058
18.0381479059756
20.6104514203944
21.7656752053801
19.9865789210774
19.5994071980547
20.4688089992369
24.7913578720636
21.403509284554
23.7502813500486
21.8346424085425
24.3196002443839
20.208641796274
22.7902343796102
18.1357893987396
21.0101816123507
21.9817067767084
22.8695338000069
22.8939152530321
24.3112827935913
26.2321932442641
29.9061209206123
23.3895965317832
24.4687932918041
23.9150882986481
22.8742727760693
27.3533664847877
26.4086290935675
25.4411622634313
25.0811357173922
23.7342758593735
26.4601670238465
24.82108699053
23.4574855528079
27.8830768788455
24.6018539063673
28.7195478878192
24.7502597127622
28.9901017547796
27.4002365152254
32.618966743121
26.2471912382597
24.06771537133
29.9924342899431
28.0848528537459
24.5584567789157
32.211156489451
29.6427444162299
29.533530418852
24.8456668061868
32.9604190260255
29.6518556824607
30.7052243216709
28.8521263849348
29.8302688126877
29.6165252759394
31.6881205816603
33.6149877266496
36.238013090029
29.5576786821818
28.3964681045482
30.6851711349814
31.0800155245076
29.2589649100378
39.0062986015918
28.8556676399698
35.8420386473083
32.4656840444016
27.8649127154615
29.8875168771378
39.7813805397513
35.3762071105358
30.7683370794266
40.8451796399433
27.8110597499436
34.4910559020851
30.3353342447063
33.9605588880682
32.0380580173639
34.6553853558275
32.9140003664899
34.4949626676572
35.2084733663745
30.8363061980533
32.7386736956453
41.1712459032231
32.3441314449569
43.2440937244742
40.137061181798
34.7042977001229
35.8534606613711
39.1311800848419
35.2127778632101
40.4428937563003
37.0835765830019
36.4348674007448
36.3988911618641
48.5534028380698
39.7306190927098
35.0347053979564
43.5709680782738
41.3310908257457
42.5225277476106
39.0216705172026
46.5124861948346
44.0009099371382
40.8154332156729
37.0216352659271
45.534887143713
46.5281669708766
43.635359380113
43.16634526932
43.4226388044459
38.2745916717523
43.09900583413
45.9072483922901
42.2903991564482
42.9777432516741
39.9900388340973
44.8161895792067
48.8111330320288
49.5482986295447
51.730011741018
46.0114632479205
43.6899494594951
36.6119152165181
48.9381371008368
54.1388350322266
50.5187131572613
42.5472085701643
46.2498425808709
45.4358122443836
51.9174073575587
52.7754244122236
41.5379628637173
53.0047749185341
49.782876975177
56.6249260624705
49.9579346759475
47.2774242872141
66.9718276030409
65.0446443370448
54.2780704380868
58.3920227412566
46.4815920189795
51.4872816629353
47.7058178099536
51.2473093361136
50.6325489540974
52.4778649686234
53.3094427158945
50.4700344954224
59.5685184576312
53.6833195406421
56.9574373014639
59.8218938912568
52.0720554476644
51.3015864081565
61.2807593598306
62.9245243388306
44.4722242855187
53.7815687967263
49.3332052433334
62.9624310288478
55.202921106622
49.3209658841243
44.2089460845177
57.5616717920888
57.8011879892903
63.0134809310014
54.616844321132
60.9400623502787
67.932261724196
61.3373000160428
61.0142789862974
59.4789475936587
56.736040734335
68.7099118901978
50.1073546154966
62.3301296862721
67.99956973114
54.1892514818754
56.1421264172838
49.6233855575144
66.5321431710883
59.0683471321586
74.276902391533
57.5155515430275
74.1255545181213
68.9316399447406
52.4410433210266
63.9359790954104
65.4452302800781
69.3095356879685
76.2247425948166
62.2435972973646
67.6397296321379
68.1707753155324
74.7417155207534
55.4958424441188
65.5272687303772
68.9024162809566
70.1881065114645
66.4008550517702
64.5393307253308
67.8241820738623
57.5230939053789
62.8127958856386
57.7175239551398
66.9775412270267
70.50099643004
68.4387830983331
56.6644354284299
66.7403841336612
69.2009491153418
66.773250815531
58.1654827169296
80.8202745386624
76.0178514808173
62.6486044720706
68.4101041352623
72.4611652040315
79.8073975133111
60.0907171685356
54.1821438700713
70.5931150985201
68.6718481064398
77.0645275721958
83.4277010476546
71.1685972162139
71.5643855195284
72.7275720258593
63.4193406177563
77.8110331182854
69.5371710019611
65.1953110388739
75.2266964871772
79.0138651922845
78.5771287626012
76.5373148757759
77.2367530370821
66.0425650985326
84.0934844385186
74.0636966876892
78.8869912918
63.8202920637719
81.1677475679721
84.559860460614
75.7651894650651
71.697620089929
73.7843950037035
69.9324566202626
79.675524826061
77.8701035524454
69.1830574944849
67.7425094831325
70.1470127302592
89.6213242773576
80.1337944065473
74.4710143029002
80.1314182302465
79.5685399165692
88.7902758456861
70.109406809033
80.7128059656442
97.6912699721707
88.4950902002984
80.0569237738413
66.7170985447157
67.3039225100471
74.7461630060836
79.9321515326499
79.9984269916215
86.6328698462322
72.8842381312758
86.5011073437502
75.9678877273947
88.9113741826263
86.427673262787
66.060021068436
84.0420989696048
67.3559552658707
73.7488209584375
86.0173501296235
77.5697362638163
93.5667526082322
79.5704107022554
85.1419627897447
84.9019108894177
91.5374178006568
77.659440958416
73.5656537963387
79.9754323053427
85.921841241559
78.4918500919149
107.414742267971
77.1290906526026
88.5271175967127
77.7033900469611
75.3805112265577
85.2022473898455
88.6296352806931
85.5774945873383
99.0150837860272
71.2791085334702
78.9711805812729
91.8512476759949
92.3408182024447
82.3360191233786
81.8075912772745
86.7684714217173
76.9882586617
104.897458512496
87.7307184194697
82.1443499072362
84.3727667327152
85.8776058206734
79.1255184438997
91.6510036208834
82.8965109229243
88.7831383217087
87.9148148821752
86.4579700606213
90.0458440856688
79.3514475140491
88.0102316363742
81.6241608342187
79.431842618534
67.3256606929038
84.1068308168658
69.9829682017039
88.2955730981001
73.0147022046023
82.5319037767234
107.849838474962
108.106682446952
99.1549933347368
88.9631308121012
78.6614468062168
86.1435967139237
90.6070078849068
97.9220054093741
101.508322308534
78.1098564455339
90.3582630115513
93.7688622505526
104.70762050345
93.9260568520877
80.3599222855571
76.942452444248
79.8089097776724
85.1604626292756
94.1444119453786
93.1723540732009
103.311937605376
85.9346859407525
96.0475505676734
88.4858118428471
104.774657541537
98.9407303836038
77.8498285687158
87.3393554085136
91.2119380467678
105.947158064832
106.348649975475
88.2947088709702
77.5063280259121
81.4627590006359
87.845973707294
75.2893227216903
107.572749305725
82.7893223127479
82.141670928157
86.0093142168936
74.7191003529756
102.916644137788
86.2531435400829
86.3895306712185
98.9195103020828
87.4565979606267
102.516071367339
93.3260101704278
95.2685988269384
96.2542978120354
94.4901016576424
85.7633220803761
87.7622520013275
102.813330740392
91.2282194334442
92.351566381937
84.1471669744398
93.1689334784531
112.19017931266
94.0333381240152
93.1532158113618
100.947019738803
95.5138592103464
85.2073461637684
82.4346547679481
80.1775139957039
103.173869493012
100.747493411373
79.0071282934902
98.847566756814
100.224414726982
96.6892733920243
93.9022690073909
102.196542880402
90.9578379897715
78.6309693349776
102.273145944524
80.4652245115234
89.7380945666056
84.5018425329363
94.672933392376
106.517670548596
99.827369473523
108.964554622135
90.9174812061935
92.8693355389338
91.6045485706805
79.0822619106928
88.1755917109484
112.640984324487
97.8230466047262
133.838355013995
118.870235790864
95.0934154530809
83.4733573966134
94.5978946325829
99.1574002932859
105.219313625128
100.617808776258
97.3121100013006
79.5137632453183
103.34431395775
90.297334441712
101.409091744474
92.9027141738744
96.776166049143
111.384216251255
97.5626551836599
89.3120954172878
94.9760672805695
99.7180462187323
95.4285926808027
97.4067430117672
89.1234245091856
95.6872974317319
89.2593997384944
92.9275756648796
94.2847706035483
88.8538130994213
82.3698577292049
94.9733296493517
102.772433006684
90.5986241034072
80.96476549892
92.3276887393261
88.9403448771767
78.8629762778427
105.3206329493
106.825839177264
109.622194875256
88.6675705441836
100.62991959924
98.0090466078847
95.6256054145845
83.9235014282685
94.6758101237236
88.6995605042976
80.3300073910784
92.8895174133935
90.1635315030353
87.4255051944955
92.2876582131108
90.8177177238645
94.1434835559694
105.789460318809
101.997343834821
83.2271062828163
112.848831980349
98.9998135142873
87.0665408143467
115.48854303398
99.8031711326533
84.6332144124182
102.633707595069
79.9484310328694
85.2563144382629
91.8344424787266
89.6945546407803
81.5968826642744
97.4364271005719
83.9583861338821
98.1617048316921
103.532986676485
91.1686120757591
107.804917465672
114.590347353443
93.8048871841218
107.056340126201
77.8402527402238
102.305055322274
98.0510224361045
83.6780065807734
99.4886084898065
106.604434633274
92.8273252698043
114.618325411787
122.342756140491
99.3466667811222
87.589761158421
90.5898612561355
107.264055453585
94.3988899960099
101.701184794767
109.916590087884
96.2011436979026
95.9027790421121
103.014114362423
98.3250323718545
94.7631214607439
103.432895384935
94.7406453785279
90.6555595777638
94.1311522737814
112.028911655912
99.894755259879
105.18521103901
98.2651069182286
93.8200156762401
90.20954645975
106.170909523258
91.2444688446702
120.381086829613
97.5611375074421
92.9757771346647
104.967540028108
89.4419335697324
73.7522126035953
103.965291485123
97.5058139041108
83.1483192843448
107.465118350824
107.061188031327
106.064594376049
100.751319847587
96.7996115974969
104.045129276172
86.4268179837354
98.7916325471325
95.8801030202174
96.0706203538083
124.941991860648
116.100441935572
96.1916911177467
96.8761228896575
97.3314956766268
112.223210586774
101.304133907251
99.9246732594558
118.827427784507
96.2525025777231
101.402363582609
110.716965830801
89.0320008816867
84.4973185183624
93.6878934369416
105.597916019901
98.3721860098591
86.6456492925212
101.217897067535
106.706966870387
101.447026780939
96.2072959624135
83.75897755219
111.478181526431
122.110838504418
97.949104214047
92.764231334731
86.3944717380877
90.2691639578648
82.2974532785433
82.4513480106431
110.162377734039
89.5519628912959
89.8992624478079
106.47827344858
98.3052293965981
99.9835787407623
86.4980424875511
90.1092290901217
102.261790696901
102.104503959198
93.261112848134
104.678421531623
113.56196709361
109.550758709827
105.558611851418
106.487480100147
100.224371408819
107.472878402459
112.735179309691
99.7904994843089
98.2930840112016
84.5850672767496
99.6135749204165
111.261639359068
118.6020960341
108.182478852283
95.0531337429448
87.4025307650042
108.510287011698
107.007958503459
101.319929949175
110.094438284676
107.346216895204
108.319531955815
113.269845496572
107.139956572494
86.4434496268671
91.6341230758165
104.97142720699
87.9739556186122
98.9532921834046
89.0952035553214
88.6445530862907
125.8013457526
88.3381023767352
94.7357190131476
111.698489694533
85.8521838926209
105.887225138357
89.0142277859972
94.8516555930528
98.1831019823279
117.044132220203
97.1801000607025
98.719450865937
76.5377519377128
95.343900477933
98.4170072111409
89.8565766600274
104.514727587514
106.482564194883
88.8342078091929
97.4347899992154
88.288128155025
100.823467342909
97.2007045120393
100.068524998766
108.40666558826
105.004344631572
116.195854762547
104.557624864544
90.9352023792802
112.657217799745
102.323367074802
106.792421296947
91.9577745819916
90.6740057053722
101.739976632896
126.39021738079
101.407914633147
96.8027947787617
90.9201528352679
116.921539215523
93.0731297417133
94.2099442733993
95.4575575347158
96.7381656798659
91.9006189182612
100.621717151731
105.080959895243
102.018551409199
94.0581009600598
89.8182478897856
104.895453623063
99.1468091138011
107.50788961322
98.011279007163
96.4193019678448
116.62905133162
93.5208429235734
90.7084789708187
115.065212108909
104.954472850968
110.909100387592
77.8534818939405
98.9572727477102
103.822632349204
93.1389255986987
113.771848323238
122.272085890645
77.3948174465896
103.752821185795
112.39832409646
93.3406413312895
90.5269731819552
108.700970985788
109.080361061304
94.2732075186415
98.6977044532968
100.456528426696
99.5214365463596
90.739609523186
119.687851653635
102.988676213653
83.0539365594529
110.633896136936
103.526900757942
101.951663608261
107.395811800095
120.848357760335
111.221668778156
100.142249020683
89.1760950674276
86.8022049368625
100.810720585783
102.823489791665
89.1998197659808
116.221450527841
89.4738613655785
100.019199193034
88.623610373614
113.377660160463
107.091263515082
112.445803778701
99.9805948392105
97.688525683011
111.267181577074
116.468054177479
107.94694315595
101.340908419263
103.315240654849
98.8568214158404
100.605333106743
118.391759891093
109.508849630161
124.533487129701
96.0651844467734
131.385830093399
105.565861709755
80.7437472107686
112.318885395166
105.097985057658
110.927739090199
78.6357974514646
108.578364946337
105.913058999202
111.134783111833
83.8500059077028
108.192496217672
94.1569260255689
98.4394600470402
92.4942099856439
97.0574626227361
103.339672068062
103.615285043756
96.8289398758395
104.587739317434
94.4819500987641
107.149892949994
100.592847012856
102.491462305242
114.375130344012
89.8089962318923
90.0202307583031
103.592102140514
90.146982496169
95.4438560279765
104.566981294944
109.139398052943
111.081392033269
104.924101199948
107.610803106617
97.7383758082968
88.4187500236477
78.3213155614298
97.9323656474358
104.062989347276
99.4009734108182
125.932620621308
90.9179724249143
85.9615082260787
100.674568978345
98.1251406999203
113.080317954678
83.5600486393201
102.529398010687
107.084283052849
103.80306948012
107.387981096125
100.494358758454
93.7907378275752
116.846546948135
122.672615875176
98.8927203631317
115.607274813004
102.200359199957
100.291922990302
96.7657848549772
102.922977490111
95.7717008993315
97.3743052868683
97.164162893418
102.288280031894
112.653073906462
89.6876044881648
101.696626623748
104.03381383644
111.374153272908
91.3838343901642
99.1524839636418
89.0640630216588
100.017177255027
103.765195340286
111.821247353981
100.710159660546
111.759777860056
80.1895257255882
82.7853699296915
100.414930538708
103.683255070483
100.53038191801
80.9321508563197
105.839208960302
100.466032329267
102.258520095569
88.8608711638159
109.562110486712
99.1974266508267
99.2703852952893
92.4230099027775
113.416488158621
96.7700509458729
87.3374854172021
107.031174415673
104.024338502804
101.494219498915
82.7319944884582
96.5296746361942
101.02917242847
90.6635178180932
110.41493789686
97.99246413889
103.553744558883
91.8023889073622
97.6901755421076
93.6477823445608
102.784979243503
96.7456807575371
94.8261336575068
97.874964313718
106.441355866851
80.9223323201461
91.723812207751
116.890881811548
96.276487734722
94.7644076946601
90.6917753988353
97.2914909769812
109.920383421104
91.7396377322368
96.988922286749
100.037804450191
96.9586684135694
102.940645642841
82.8285246727065
106.739373613652
98.7704386277923
95.9042931282564
87.974660016899
94.2189767991227
99.6450910252528
89.3264345596114
89.2866735917205
124.228226282125
104.341709886158
117.713441055291
118.463595903261
115.438446225182
107.222287562802
87.4330814457255
104.610907859591
103.754032896982
102.009461820353
79.7264775539494
95.6901088380483
120.980165846503
96.6768095856372
99.916165434443
88.6259640467152
113.659713341605
97.8249332266904
119.659962196405
96.8780856200857
93.0697489111301
108.595439249272
95.7097819008348
98.8294065527262
110.325764343081
98.2506756961194
102.440617410322
110.864261344034
99.8587321103107
101.287442044485
101.943423759698
98.8019062995697
94.714280125939
95.8453286090825
92.542145810601
91.5345094821529
92.8549834690933
93.6179560656998
106.481399621211
81.8327276101091
102.007336248986
96.035548016894
